    37.9   1.1   0.3   0.5   1     70
    40.2   0.5   5.2   1.5   1    222
    42.4   0.3   1.6   0.8   1    335
    46.9   0.6   1.6   0.9   1    190
    51.3   0.2   0.7   0.7   1    459
    53.6   0.5   2.4   1.0   1    193
    55.8   0.6   1.8   0.9   1    180
    55.8   0.5   4.0   1.3   1    212
    55.8   0.3   1.4   0.9   1    346
    55.8   0.3   5.7   1.3   1    399
    60.3   1.4   0.6   0.7   1     48
    60.3   0.4   5.2   1.3   1    289
    62.5   5.0   2.8   1.1   1      7
    62.5   0.3   1.8   0.7   1    360
    64.7   0.5   3.3   0.5   1    232
    69.2   0.4   3.1   0.8   1    290
    73.7   0.3   0.8   0.7   1    374
    73.7   0.2   0.7   0.7   1    437
    75.9   0.3   0.8   0.8   1    426
    80.3   0.4   1.0   0.8   1    285
    82.6   0.7  40.7   3.7   1    134
    82.6   0.7   1.2   0.7   1    141
    82.6   0.2   1.7   0.9   1    429
    82.6   0.2   0.8   0.6   1    487
    87.0   0.7   1.0   0.8   1    139
    87.0   0.4   2.1   0.9   1    270
    89.3   0.3   1.3   0.5   1    384
    93.7   1.6  35.8   3.3   1     37
    93.7   0.2   5.9   1.3   1    460
    98.2   3.1  11.0   1.7   1     13
    98.2   0.7  13.3   1.7   1    130
   102.7   0.3   0.6   0.6   1    379
   102.7   0.2   0.9   0.4   1    432
   102.7   0.2   1.7   0.8   1    499
   107.1   0.7   1.0   0.3   1    143
   116.1   0.8   0.2   0.6   1    127
   116.1   0.5   2.6   1.1   1    206
   116.1   0.3  20.5   2.2   1    325
   116.1   0.3   1.7   0.7   1    334
   116.1   0.2   1.8   1.0   1    473
   120.5   0.5   1.4   0.9   1    216
   120.5   0.5   1.6   0.7   1    217
   120.5   0.2   3.1   0.9   1    446
   125.0   1.7   0.1   0.4   1     33
   125.0   0.7   2.8   0.8   1    154
   125.0   0.5   5.3   1.0   1    200
   125.0   0.4   1.3   0.4   1    251
   125.0   0.3  37.9   3.2   1    391
   129.5   1.6   2.4   0.8   1     36
   129.5   0.5   1.5   0.8   1    241
   129.5   0.3   1.8   0.8   1    417
   133.9   1.0   0.9   0.6   1     82
   133.9   0.3   0.4   0.4   1    392
   133.9   0.3   0.5   0.6   1    406
   138.4   0.7   2.6   1.0   1    146
   138.4   0.4   1.8   0.8   1    256
   138.4   0.2   0.1   0.5   1    483
   138.4   0.2   1.3   0.6   1    497
   142.8   0.8   1.2   0.6   1    116
   147.3   1.0   0.9   0.7   1     86
   147.3   0.4   1.1   0.7   1    278
   151.8   1.9   1.5   0.9   1     26
   151.8   1.0   1.3   0.8   1     88
   156.2   0.4   2.5   0.7   1    271
   156.2   0.4   0.9   0.3   1    284
   156.2   0.4   2.1   0.5   1    302
   156.2   0.3   2.2   0.8   1    321
   156.2   0.3   2.0   0.5   1    329
   160.7   0.6   1.1   0.8   1    171
   160.7   0.2   2.0   0.8   1    461
   165.2   0.7   1.7   0.6   1    148
   165.2   0.6   1.5   0.7   1    183
   165.2   0.5   0.8   0.6   1    227
   165.2   0.4   0.5   0.6   1    268
   165.2   0.2   0.7   0.4   1    444
   169.6   1.0   1.2   0.7   1     80
   169.6   0.8   1.4   0.4   1    117
   169.6   0.6   0.5   0.5   1    172
   169.6   0.4   2.1   0.8   1    266
   169.6   0.3   1.1   0.4   1    317
   169.6   0.3   1.8   0.6   1    411
   169.6   0.3   2.6   0.8   1    414
   169.6   0.2   0.2   0.5   1    433
   169.6   0.2   0.4   0.4   1    474
   174.1   0.3   3.8   0.8   1    387
   174.1   0.4   0.5   0.6   1    263
   178.6   0.8   1.3   0.7   1    111
   178.6   0.5   2.4   0.9   1    201
   178.6   0.2   2.3   0.8   1    491
   183.0   0.6   1.1   0.6   1    155
   183.0   0.5   1.1   0.7   1    236
   183.0   0.3   1.1   0.8   1    366
   183.0   0.2   1.7   0.7   1    478
   187.5   0.7   1.2   0.7   1    132
   187.5   0.3   0.8   0.4   1    319
   191.9   1.2  64.3   3.8   1     63
   191.9   0.3   2.3   0.9   1    386
   191.9   0.2   1.4   0.7   1    454
   191.9   0.2   0.5   0.6   1    482
   196.4   0.4   1.4   0.4   1    305
   200.9   0.4   1.0   0.5   1    247
   200.9   0.3   1.3   0.7   1    350
   205.3   0.5   0.8   0.6   1    235
   205.3   0.4   1.8   0.8   1    249
   205.3   0.4   1.6   0.7   1    261
   205.3   0.3   2.5   0.7   1    359
   209.8   0.8   0.5   0.3   1    109
   209.8   0.5   0.3   0.5   1    202
   209.8   0.4   1.5   0.6   1    255
   214.3   1.0   0.8   0.5   1     87
   214.3   0.5   0.9   0.8   1    194
   218.7   1.1   1.3   0.6   1     67
   218.7   0.8   5.6   0.9   1    122
   218.7   0.2   0.8   0.6   1    457
   218.7   0.2   2.1   0.8   1    465
   223.2   1.6   1.2   0.6   1     41
   223.2   0.5   0.7   0.6   1    192
   223.2   0.3   2.0   0.8   1    353
   223.2   0.3   2.7   0.4   1    404
   227.7   1.8   1.7   0.8   1     30
   227.7   0.4   1.0   0.6   1    309
   227.7   0.3   1.7   0.5   1    395
   232.1   0.6   0.4   0.3   1    187
   232.1   0.4   0.6   0.5   1    248
   232.1   0.3   0.7   0.5   1    351
   232.1   0.3   0.9   0.6   1    413
   236.6   0.8   1.6   0.8   1    121
   236.6   0.5   1.4   0.8   1    233
   236.6   0.3   1.0   0.6   1    412
   241.0   0.9   0.5   0.5   1    101
   241.0   0.5   0.7   0.6   1    197
   241.0   0.4   1.5   0.5   1    311
   241.0   0.3   1.6   0.7   1    338
   245.5   0.9   1.5   0.7   1     97
   245.5   0.7   0.7   0.6   1    131
   245.5   0.6   0.9   0.6   1    164
   245.5   0.6   3.9   1.1   1    179
   245.5   0.3   0.9   0.5   1    402
   250.0   1.3   1.3   0.5   1     51
   250.0   0.5   0.5   0.5   1    208
   250.0   0.5   1.0   0.5   1    224
   250.0   0.4   1.4   0.8   1    275
   250.0   0.3   2.3   0.8   1    341
   250.0   0.4   1.8   0.6   1    273
   254.4   0.9   1.3   0.5   1     89
   254.4   0.4   1.7   0.5   1    269
   254.4   0.4   2.9   0.9   1    274
   254.4   0.3   1.2   0.5   1    356
   254.4   0.3   1.6   0.7   1    393
   254.4   0.2   2.3   0.4   1    476
   258.9   0.5   1.2   0.4   1    204
   258.9   0.5   2.2   0.6   1    214
   258.9   0.3   1.1   0.6   1    410
   258.9   0.2   1.0   0.4   1    479
   258.9   0.2   0.7   0.5   1    498
   263.4   1.4   3.1   1.0   1     49
   263.4   1.3   1.1   0.8   1     54
   263.4   0.3   1.2   0.7   1    320
   267.8   1.3   0.6   0.3   1     57
   267.8   0.8   1.2   0.7   1    108
   267.8   0.3   2.2   0.8   1    357
   267.8   0.3   2.1   0.9   1    381
   276.8   0.9   2.0   0.8   1     92
   276.8   0.5   2.2   0.4   1    203
   276.8   0.4   2.0   0.9   1    264
   276.8   0.4   1.5   0.5   1    286
   276.8   0.4   1.6   0.6   1    299
   276.8   0.3   0.9   0.6   1    326
   276.8   0.3   1.2   0.6   1    369
   276.8   0.3   2.1   0.8   1    416
   276.8   0.3   1.5   0.4   1    424
   276.8   0.2   1.2   0.4   1    447
   276.8   0.2   1.7   0.6   1    471
   276.8   0.2   0.4   0.3   1    475
   285.7   1.0   0.9   0.2   1     84
   285.7   0.7   2.6   0.6   1    137
   285.7   0.7   1.4   0.9   1    152
   285.7   0.4   1.7   0.8   1    272
   285.7   0.3   1.4   0.8   1    312
   285.7   0.3   0.4   0.6   1    316
   285.7   0.3   1.8   0.7   1    375
   285.7   0.2   1.7   0.5   1    445
   285.7   0.2   1.5   0.7   1    488
   294.6   5.7   2.3   0.9   1      6
   294.6   1.0   1.4   0.7   1     83
   294.6   0.7   1.7   0.7   1    147
   294.6   0.7   0.5   0.6   1    153
   294.6   0.6   1.6   0.9   1    175
   294.6   0.5   1.1   0.6   1    226
   294.6   0.3   1.1   0.3   1    324
   294.6   0.5   1.2   0.3   1    239
   294.6   0.4   1.7   0.4   1    253
   294.6   1.1   0.7   0.6   1     76
   294.6   0.3   0.7   0.5   1    361
   294.6   0.2   0.5   0.5   1    428
   294.6   0.2   1.5   0.8   1    434
   294.6   0.2   1.4   0.7   1    443
   294.6   0.2   1.0   0.6   1    456
   294.6   0.2   2.5   0.9   1    484
   294.6   0.2   2.1   0.5   1    486
   303.5   2.0   2.1   0.8   1     24
   303.5   1.1   2.5   0.2   1     66
   303.5   0.5   1.4   0.6   1    229
   303.5   0.3   2.0   0.7   1    328
   303.5   0.3   2.6   0.6   1    364
   303.5   0.3   2.6   0.9   1    378
   303.5   0.3   2.9   0.5   1    390
   303.5   0.2   4.1   1.0   1    493
   303.5   0.2   2.3   0.6   1    500
   312.5   2.6   1.7   0.5   1     17
   312.5   1.5   1.6   0.3   1     43
   312.5   0.8   2.6   0.8   1    126
   312.5   0.7   2.5   0.4   1    136
   312.5   0.7   0.8   0.3   1    144
   312.5   0.5   2.3   0.8   1    213
   312.5   0.4   2.4   0.7   1    301
   312.5   0.3   0.4   0.7   1    318
   312.5   0.3   0.3   0.5   1    396
   312.5   0.3   1.7   0.7   1    419
   312.5   0.2   0.7   0.7   1    477
   312.5   0.2   1.9   0.6   1    480
   312.5   0.2   1.6   0.5   1    485
   321.4   0.8   2.2   1.0   1    110
   321.4   0.8   1.4   0.7   1    119
   321.4   0.5   1.5   0.6   1    210
   321.4   0.5   1.6   0.7   1    245
   321.4   0.4   1.1   0.7   1    298
   321.4   0.3   1.6   0.7   1    409
   321.4   0.3   0.6   0.6   1    427
   321.4   0.2   2.2   0.7   1    472
   330.3   1.5   0.9   0.7   1     46
   330.3   0.9   0.8   0.2   1     90
   330.3   0.6   0.3   0.6   1    174
   330.3   0.7   0.5   0.4   1    142
   330.3   0.6   1.4   0.4   1    178
   330.3   0.5   0.1   0.6   1    198
   330.3   0.5   1.8   0.7   1    219
   330.3   0.5   1.7   0.7   1    228
   330.3   0.5   0.2   0.6   1    231
   330.3   0.5   1.8   0.8   1    244
   330.3   0.4   1.7   0.2   1    252
   330.3   0.4   0.5   0.3   1    279
   330.3   0.4   0.6   0.7   1    281
   330.3   0.4   0.4   0.6   1    307
   330.3   0.4   1.1   0.4   1    310
   330.3   0.3   2.5   0.7   1    405
   330.3   0.2   2.0   0.5   1    448
   330.3   0.2   0.7   0.3   1    455
   330.3   0.2   1.1   0.4   1    494
   339.3   0.5   1.6   0.6   1    234
   339.3   1.2   2.2   0.7   1     58
   339.3   1.2   2.1   0.2   1     62
   339.3   0.8   2.1   0.9   1    114
   339.3   0.6   1.7   0.3   1    185
   339.3   0.5   1.1   0.6   1    196
   339.3   0.5   1.8   0.7   1    223
   339.3   0.4   0.5   0.7   1    293
   339.3   0.3   1.0   0.4   1    367
   339.3   0.3   1.0   0.6   1    398
   339.3   0.2   1.4   0.7   1    458
   348.2   1.7   1.3   0.3   1     34
   348.2   0.6   2.9   0.3   1    158
   348.2   0.9   1.4   0.7   1    104
   348.2   0.5   1.0   0.7   1    207
   348.2   0.3   0.8   0.3   1    333
   348.2   0.2   0.4   0.6   1    450
   348.2   0.2   1.1   0.7   1    451
   348.2   0.2   1.4   0.5   1    453
   357.1   1.9   1.0   0.4   1     27
   357.1   0.8   0.3   0.4   1    120
   357.1   0.4   2.7   0.8   1    280
   357.1   0.5   1.8   0.7   1    220
   357.1   0.3   1.6   0.8   1    337
   357.1   0.3   1.2   0.3   1    382
   357.1   0.2   1.5   0.5   1    436
   357.1   0.2   1.4   0.4   1    442
   357.1   0.2   2.1   0.5   1    490
   375.0   1.5   2.8   0.9   1     42
   375.0   0.6   0.8   0.4   1    169
   375.0   1.1   1.5   0.7   1     75
   375.0   0.8   2.5   0.3   1    107
   375.0   0.8   1.4   0.6   1    113
   375.0   0.7   0.7   0.4   1    140
   375.0   0.6   1.4   0.6   1    170
   375.0   0.6   2.2   0.6   1    181
   375.0   0.6   1.0   0.3   1    189
   375.0   0.5   0.2   0.3   1    238
   375.0   0.4   1.6   1.0   1    276
   375.0   0.4   0.3   0.8   1    282
   375.0   0.4   0.4   0.6   1    308
   375.0   0.3   1.8   0.9   1    347
   375.0   0.3   2.1   0.9   1    372
   375.0   0.3   0.8   0.4   1    373
   392.8   0.9   1.0   0.5   1    105
   392.8   0.6   0.5   0.4   1    162
   392.8   1.8   2.0   1.1   1     29
   392.8   1.6   2.1   0.8   1     38
   392.8   0.9   1.8   0.5   1    102
   392.8   0.8   0.8   0.4   1    115
   392.8   0.8   1.7   0.4   1    118
   392.8   0.6   1.0   0.5   1    160
   392.8   0.6   1.6   0.5   1    161
   392.8   0.6   1.4   0.4   1    165
   392.8   0.6   1.2   0.6   1    168
   392.8   0.6   2.0   0.6   1    191
   392.8   0.5   0.8   0.6   1    205
   392.8   0.4   2.2   0.9   1    250
   392.8   0.4   1.6   0.3   1    265
   392.8   0.4   2.7   0.8   1    283
   392.8   0.4   0.8   0.4   1    306
   392.8   0.3   2.1   0.5   1    342
   392.8   0.3   1.7   0.6   1    315
   392.8   0.3   1.8   0.8   1    371
   392.8   0.3   1.1   0.1   1    383
   392.8   0.3   0.6   0.6   1    388
   392.8   0.2   1.7   1.0   1    441
   392.8   0.2   1.7   1.2   1    469
   410.7   5.9  32.2   3.1   1      5
   410.7   2.0   0.4   0.6   1     25
   410.7   1.8   0.3   0.4   1     28
   410.7   0.5   0.9   0.8   1    221
   410.7   1.0   0.2   0.6   1     78
   410.7   0.9   0.5   0.6   1    103
   410.7   0.8   0.7   0.4   1    123
   410.7   0.6   1.0   0.7   1    157
   410.7   0.6   0.7   0.7   1    173
   410.7   0.5   0.5   0.8   1    215
   410.7   0.5   0.4   0.5   1    225
   410.7   0.5   0.7   0.4   1    230
   410.7   0.5   1.6   0.6   1    242
   410.7   0.4   0.7   0.8   1    246
   410.7   0.4   0.4   0.9   1    257
   410.7   0.4   0.8   0.2   1    259
   410.7   0.4   1.1   0.9   1    262
   410.7   0.4   0.4   0.2   1    291
   410.7   0.4   0.6   0.4   1    297
   410.7   0.4   0.6   0.6   1    303
   410.7   0.3   0.7   0.5   1    330
   410.7   0.3   0.5   0.2   1    332
   410.7   0.3   1.3   0.7   1    408
   410.7   0.3   0.5   0.6   1    418
   410.7   0.3   0.7   0.5   1    425
   410.7   0.2   0.8   0.2   1    435
   410.7   0.2   1.1   0.3   1    468
   410.7   0.2   1.5   0.5   1    489
   428.5   4.6   1.2   0.1   1      8
   428.5   2.3   1.1   0.5   1     19
   428.5   1.0   1.3   1.0   1     81
   428.5   0.9   2.1   0.9   1     99
   428.5   0.5   1.3   0.5   1    209
   428.5   0.5   1.9   0.8   1    237
   428.5   0.3   2.0   0.6   1    331
   428.5   0.3   0.5   0.8   1    352
   428.5   0.3   1.4   0.8   1    358
   428.5   0.3   0.5   0.4   1    365
   428.5   0.3   1.4   0.5   1    397
   428.5   0.3   1.3   0.3   1    423
   428.5   0.2   0.9   0.4   1    430
   428.5   0.2   2.1   0.8   1    449
   428.5   0.7   1.1   0.4   1    135
   428.5  14.6  11.4   1.1   0    501
   446.4   2.2   1.9   0.6   1     21
   446.4   0.6   3.4   0.9   1    186
   446.4   0.6   0.9   0.7   1    182
   446.4   1.3   1.0   0.5   1     52
   446.4   4.4   1.7   1.0   1      9
   446.4   1.1   1.5   0.5   1     73
   446.4   1.1   0.9   0.5   1     74
   446.4   0.8   2.2   1.0   1    112
   446.4   0.5   2.1   0.7   1    195
   446.4   0.5   1.0   0.8   1    243
   446.4   0.4   1.2   0.6   1    254
   446.4   0.4   1.5   0.4   1    288
   446.4   0.3   1.6   0.2   1    323
   446.4   0.3   1.1   0.8   1    327
   446.4   1.1   3.2   0.8   1     71
   446.4   0.9   1.4   0.9   1     96
   446.4   0.3   1.9   0.2   1    407
   446.4   0.3   0.4   0.2   1    415
   446.4   0.3   1.0   0.5   1    420
   446.4   0.3   1.0   0.8   1    422
   464.2   1.0   1.1   0.6   1     77
   464.2   3.3   0.4   0.4   1     12
   464.2   6.4   0.6   0.3   1      2
   464.2   1.7   1.3   0.4   1     35
   464.2   1.3   1.7   0.3   1     56
   464.2   1.2  -0.1   0.5   1     60
   464.2   1.2   1.5   0.4   1     64
   464.2   1.1   1.3   0.7   1     65
   464.2   1.1   2.5   0.6   1     68
   464.2   0.3   0.5   0.3   1    349
   464.2   0.3   1.2   0.6   1    336
   464.2   0.7   1.8   0.6   1    138
   464.2   0.3   1.9   0.7   1    322
   464.2   0.7  -0.0   0.4   1    150
   464.2   1.5   0.6   0.6   1     44
   464.2   0.6   1.0   0.6   1    167
   464.2   0.6   1.2   0.6   1    176
   464.2   0.5   1.1   0.3   1    240
   464.2   0.4   0.1   0.5   1    258
   464.2   0.4   0.4   0.5   1    260
   464.2   0.3   1.4   0.3   1    340
   464.2   0.3   0.4   0.5   1    348
   464.2   0.3   0.7   0.2   1    380
   464.2   0.3   1.4   0.4   1    385
   464.2   0.3   1.4   0.5   1    421
   464.2   0.2   1.1   0.5   1    462
   464.2   0.2   0.6   0.6   1    470
   464.2   0.2   2.4   0.6   1    481
   464.2   0.2   1.3   0.6   1    495
   464.2   0.2   0.8   0.5   1    496
   482.1   2.1   1.5   0.6   1     23
   482.1   3.7   0.8   0.4   1     11
   482.1   2.6   1.5   0.5   1     16
   482.1   2.3   1.4   0.4   1     20
   482.1   1.5   1.6   0.6   1     47
   482.1   0.9   1.3   0.5   1     94
   482.1   2.4   1.5   0.7   1     18
   482.1   0.7   0.9   0.3   1    145
   482.1   0.7   1.1   0.2   1    151
   482.1   0.7   0.4   0.3   1    149
   482.1   1.4   0.7   0.4   1     50
   482.1   0.6   0.5   0.5   1    188
   482.1   0.5   1.2   0.7   1    211
   482.1   3.1   0.2   0.3   1     14
   482.1   0.3   0.7   0.5   1    376
   482.1   0.4   2.0   0.9   1    277
   482.1   0.4   0.9   0.5   1    287
   482.1   1.0   1.3   0.6   1     79
   482.1   0.3   1.8   0.5   1    343
   482.1   1.5  -0.0   0.3   1     45
   482.1   0.3   1.1   0.5   1    362
   482.1   0.3   1.8   0.4   1    368
   482.1   0.3   1.0   0.3   1    377
   482.1   0.3   1.6   0.9   1    400
   482.1   0.3   1.9   0.7   1    403
   482.1   0.2   1.1   0.7   1    431
   482.1   0.2   1.6   0.5   1    439
   482.1   0.2   1.5   0.5   1    464
   482.1   0.2   0.7   0.4   1    466
   499.9   1.7   1.5   0.3   1     31
   499.9   1.7   2.0   0.5   1     32
   499.9   1.6   0.8   0.5   1     40
   499.9   1.3   0.8   0.2   1     53
   499.9   1.1   1.8   0.5   1     69
   499.9   1.0   3.0   0.7   1     85
   499.9   0.9   1.4   0.3   1     91
   499.9   0.9   1.1   0.2   1    100
   499.9   0.7   2.2   0.6   1    128
   499.9   0.7   1.5   0.3   1    129
   499.9   0.6   1.4   0.7   1    159
   499.9   0.6   1.1   0.3   1    184
   499.9   0.5   2.3   0.7   1    199
   499.9   0.5   2.5   0.4   1    218
   499.9   0.4   2.8   0.4   1    294
   499.9   0.4   0.7   0.2   1    300
   499.9   0.3   1.8   0.5   1    313
   499.9   0.3   1.8   0.6   1    314
   499.9   0.3   2.6   0.3   1    345
   499.9   0.3   1.1   0.2   1    355
   499.9   0.3   1.0   0.2   1    370
   499.9   0.2   2.2   0.3   1    438
   517.8   0.9   2.0   0.4   1     93
   517.8   1.3   1.9   0.4   1     55
   517.8   1.2   1.6   0.3   1     59
   517.8   0.3   1.9   0.5   1    389
   517.8   0.9   1.9   0.2   1     98
   517.8   0.8   1.9   0.4   1    106
   517.8   0.6   2.1   0.7   1    156
   517.8   0.6   2.8   0.4   1    163
   517.8   0.3   3.0   0.7   1    363
   517.8   0.2   2.9   0.5   1    440
   517.8   0.2   2.5   0.6   1    492
   535.7   1.6   4.2   0.2   1     39
   535.7   0.6   0.8   0.1   1    177
   535.7   0.4   3.3   0.3   1    267
   535.7   0.4   1.7   0.5   1    295
   535.7   0.4   2.1   0.5   1    296
   535.7   0.4   3.1   0.5   1    304
   535.7   0.3   1.8   0.5   1    344
   535.7   0.3   2.3   0.3   1    394
   535.7   0.3   3.1   0.4   1    401
   535.7   0.2   2.2   0.3   1    463
   535.7   0.2   2.9   0.1   1    467
