#  id W_lime e_W_lime g_lime e_g_lime rt_lime e_rt_lime M_lime e_M_lime W_pe e_W_pe eta_pe e_eta_pe log1minB_pe e_log1minB_pe rt_pe e_rt_pe M_pe e_M_pe log_fpe e_log_fpe chi2_king chi2red_king chi2_wil chi2red_wil chi2_lime chi2red_lime chi2_pe chi2red_pe kingtrunc kinghalf wiltrunc wilhalf limehalf e_limehalf pehalf e_pehalf pecore e_pecore  r_tie BGlev min_mass max_mass
    NGC104    8.308    0.088    1.335    0.051   72.912    4.296   103030.720     2216.970    8.142    0.109    0.179    0.039   -1.703    0.283   54.328    3.818   102455.705     2311.342   -2.121    0.520 4197.565   28.750 10790.411   73.907 3359.332   23.168 3477.229   24.147   51.286    5.636  257.040    3.963    5.216    0.154    5.174    0.173    0.547    0.0271  13.283    0.075    0.606    0.866
    NGC288    1.838    0.897    2.668    0.237  114.073   18.809     4426.306       65.542    3.274    0.168    0.251    0.012   -2.495    0.335   59.799    6.937     4386.958       60.068   -2.306    0.230 1191.161   18.907 1294.195   20.543  101.162    1.632  110.463    1.811   38.905    7.589   60.256    7.425    9.118    0.101    9.169    0.088    6.543    0.218     4.053    0.008    0.744    0.825
    NGC362    6.731    0.070    1.997    0.038   82.113    5.914    22529.924      349.102    6.711    0.029    0.099    0.041   -4.201    1.325   76.890    6.190    22414.894      349.643   -3.926    1.146  712.007    7.495  389.342    4.098  208.743    2.221  199.757    2.148   26.303    2.753   89.125    2.042    2.033    0.034    2.031    0.024    0.534    0.012     4.540    0.082    0.707    0.844
    NGC1261    3.713    0.410    2.796    0.130  207.175   60.395     3864.179      103.487    4.960    0.094    0.239    0.006   -2.504    0.192   49.159    4.026     3840.525       41.837   -2.506    0.134  238.625    3.409  223.222    3.189  135.495    1.964   96.548    1.420   26.303    4.271   51.286    4.196    4.314    0.069    4.463    0.043    2.177    0.045     2.415    0.008    0.815    0.844
    PAL1    2.307    1.749    1.939    0.787   19.714   10.336      139.494       10.009    2.036    1.048    0.203    0.148   -6.010    1.556   19.752    3.217      137.160        6.789   -5.326    1.659  142.108    7.105  142.592    7.130  165.598    8.716  172.865    9.604   12.943    3.289   18.557    3.345    3.230    0.234    3.268    0.164    3.116    1.046     2.000    0.112    0.769    0.835
    NGC1851    7.650    0.067    1.854    0.026  109.584    7.395     8760.895      137.496    7.468    0.052    0.140    0.009   -2.595    0.124   60.612    4.887     8598.118      139.897   -2.265    0.105  832.436    7.367  355.315    3.144  196.573    1.755  211.888    1.909   23.442    2.459  158.489    2.213    2.508    0.056    2.449    0.064    0.362    0.012     3.643    0.019    0.784    0.841
    NGC1904    6.793    0.211    1.896    0.096   97.266   13.839     3770.332      116.876    6.560    0.076    0.131    0.129   -4.059    1.248  107.536    6.486     3809.382      112.986   -3.656    1.117  173.098    2.705  672.320   10.505   68.116    1.081   69.232    1.117   30.903    3.319  245.471    3.784    3.202    0.110    3.188    0.113    0.911    0.057     2.334    0.013    0.741    0.780
    NGC2298    6.353    0.189    1.767    0.171   61.474   12.555      966.485       20.484    6.100    0.134    0.187    0.044   -2.252    0.604   45.315   14.627      960.695       20.984   -2.517    0.524  172.973    2.507  163.201    2.365   59.735    0.878  163.598    2.442   22.387    3.133   83.176    3.400    3.488    0.097    3.439    0.093    1.159    0.043     1.845    0.004    0.710    0.774
    NGC2419    6.120    0.313    2.069    0.171  731.977  246.617      303.345       10.430    6.228    0.163    0.167    0.125   -7.814    1.667  642.297  109.406      302.858        9.974   -5.023    1.603   97.346    1.738   80.695    1.441   66.137    1.202   67.105    1.243  204.174   26.549  467.735   24.734   24.506    1.187   24.575    1.111    8.222    0.405     2.000    0.036    0.771    0.772
    NGC2808    5.890    0.082    2.221    0.039  100.221    6.906    36068.613      574.850    6.281    0.039    0.146    0.009   -3.326    0.259   64.054    4.311    35350.306      623.769   -3.227    0.257 1186.985    8.792  496.993    3.681  364.022    2.717  348.459    2.620   26.303    3.001   69.183    2.631    2.488    0.027    2.569    0.020    0.832    0.017     4.753    0.019    0.730    0.844
    NGC3201    5.727    0.183    2.319    0.074  255.233   34.969    25938.152      695.120    6.421    0.054    0.168    0.136   -6.123    1.204  161.746    8.252    23829.210      539.260   -5.616    1.132 2644.050   31.106 1511.444   17.782  356.371    4.243  788.368    9.498   35.481    5.091   79.433    4.952    4.965    0.083    5.216    0.085    1.603    0.043     6.955    0.009    0.600    0.781
    NGC4147    7.611    0.078    0.607    0.176   22.087    3.532      390.268        8.817    7.880    0.094    0.288    0.054   -0.817    0.216   20.618    1.632      386.190        6.460   -1.758    0.391  257.273    1.934 2453.525   18.448   87.243    0.661   77.954    0.595   35.481    3.713  117.490    3.232    3.276    0.117    3.225    0.077    0.564    0.021     1.184    0.037    0.780    0.798
    NGC4590    5.162    0.086    2.474    0.046  299.271   45.774     5884.230       40.897    5.724    0.062    0.225    0.008   -2.596    0.169   92.003    7.600     5857.532       45.090   -2.462    0.116 1110.713    8.414  609.817    4.620   99.798    0.762  180.102    1.385   46.774    5.939  128.825    5.641    5.742    0.046    5.852    0.051    2.298    0.029     3.441    0.008    0.726    0.799
    NGC5024    7.046    0.108    1.538    0.072  145.013   10.630     2952.671       55.153    6.791    0.109    0.095    0.043   -2.504    0.315  118.993    7.560     2947.911       54.062   -3.448    0.650   74.138    1.951   59.387    1.563   21.902    0.592   19.745    0.548   83.176    9.044  239.883    7.815    8.893    0.223    8.810    0.219    2.246    0.100     2.965    0.007    0.771    0.794
    NGC5053    1.101    0.740    2.241    0.247  106.908   20.653      480.696       16.968    0.775    0.609    0.167    0.052   -3.357    0.734   70.768   15.690      481.231       17.311   -1.903    0.586   60.125    0.847   55.433    0.781   52.915    0.756   45.208    0.655   66.069   16.419   89.125   16.225   16.091    0.302   16.004    0.360   19.958    4.489     1.952    0.004    0.770    0.794
    NGC5139    3.989    0.257    2.330    0.097  135.978    8.371   262702.858     4578.194    4.588    0.085    0.257    0.013   -2.836    0.279   98.290    6.962   257176.281     3448.486   -2.682    0.173 3490.612   37.941  427.621    4.648  321.267    3.530  243.409    2.705   74.131   10.376  112.202    9.547    9.335    0.073    9.357    0.069    5.052    0.111    17.515    0.239    0.600    0.781
    NGC5272    7.455    0.083    1.526    0.036  121.274    4.544    14413.134      286.547    7.223    0.092    0.204    0.008   -1.746    0.070   79.918    2.973    14274.080      282.108   -2.055    0.064 1101.261   25.029  427.965    9.726   47.286    1.100   38.908    0.926   91.201    9.615  177.828    4.892    6.705    0.144    6.640    0.134    1.293    0.066     5.710    0.010    0.726    0.814 
    NGC5286    6.348    0.124    2.135    0.072  167.517   33.165     5085.380       92.991    6.480    0.065    0.209    0.020   -3.037    0.406  102.289   14.678     5002.879       72.450   -2.481    0.313  615.963    3.520  396.132    2.264  172.113    0.989  199.782    1.155   24.547    3.117   75.858    3.101    3.529    0.052    3.567    0.049    1.052    0.018     2.801    0.281    0.734    0.795
    NGC5466    3.820    0.751    2.605    0.277  351.526  133.051      959.659       30.403    5.008    0.214    0.255    0.134   -3.092    1.826  191.724   22.131      949.613       30.002   -4.727    1.885   86.826    2.554   64.442    1.895   31.199    0.945   37.219    1.163   63.096   13.885  107.152   13.849   14.470    0.444   14.638    0.404    7.162    0.493     2.853    0.006    0.761    0.791
    NGC5634    7.866    0.088    1.059    0.115   52.500    6.728      458.492        9.582    7.881    0.121    0.165    0.044   -1.557    0.248   44.548    4.288      452.187       10.764   -2.515    0.406 1755.478   19.724 1498.928   16.842  213.383    2.425  244.975    2.816   75.858    8.596  537.032    6.244    5.177    0.188    5.071    0.203    0.773    0.028     1.099    0.048    0.767    0.774
    NGC5694    7.554    0.052    1.059    0.186   39.225    9.070      358.010        8.089    7.525    0.111    0.289    0.062   -1.013    0.320   28.313    2.815      350.719        4.908   -1.684    0.623 1350.644    5.772  315.537    1.348  195.551    0.839  192.767    0.831   51.286    5.407  338.844    4.732    3.946    0.110    3.899    0.058    0.721    0.027     0.951    0.333    0.769    0.773
    ic4499    4.861    0.562    1.998    0.351  149.661   50.009      605.962       20.821    4.881    0.298    0.173    0.101   -3.070    1.744  140.280   26.087      604.800       20.392   -3.287    1.595   43.565    0.822   41.927    0.791   39.565    0.761   39.267    0.770   81.283   12.567  181.970   12.517   12.084    0.331   12.132    0.354    6.098    0.429     2.015    0.030    0.766    0.781
    NGC5824    7.637    0.074    1.885    0.050  228.952   43.354     1914.301       29.584    7.452    0.040    0.086    0.028   -5.303    0.710  369.416   62.924     1899.153       31.100   -4.072    0.753  506.793    2.460  272.085    1.321  243.405    1.187  279.259    1.369   52.481    5.691  478.630    5.150    4.626    0.127    4.565    0.154    0.667    0.016     2.000    0.221    0.769    0.774
    NGC5897    2.269    0.687    2.038    0.274   63.281    7.880     3331.671       38.746    2.457    0.250    0.248    0.041   -1.816    0.485   40.535    5.815     3314.751       38.483   -1.825    0.419  105.289    1.269   96.012    1.157   73.072    0.891   70.906    0.875   43.652    9.786   69.183    9.750    9.710    0.098    9.743    0.082    8.613    0.509     4.031    0.140    0.731    0.774
    NGC5904    7.244    0.173    1.501    0.092   82.620    7.297    22944.987      798.129    6.991    0.160    0.214    0.009   -1.685    0.098   56.827    2.603    22708.942      689.877   -2.044    0.058  375.375    9.384  381.281    9.532  118.409    3.036   89.037    2.343   48.978    5.208  107.152    4.380    5.040    0.152    5.012    0.129    1.131    0.093     6.826    0.007    0.684    0.827
    NGC5986    2.872    0.444    2.678    0.119   61.900    7.826     1516.233       28.175    4.057    0.199    0.216    0.048   -2.754    0.576   29.938    3.386     1504.054       27.074   -3.016    0.685  493.437    2.263  316.174    1.450  195.563    0.901  222.322    1.029   26.303    3.967   46.774    3.674    3.419    0.051    3.457    0.054    2.104    0.064     1.887    0.136    0.725    0.802
    NGC6093    7.070    0.055    1.178    0.089   21.256    1.640     7234.396       72.854    7.361    0.109    0.299    0.010   -0.871    0.070   13.834    0.444     7280.614       57.020   -1.727    0.040 1173.997    4.163 1454.550    5.158  415.889    1.480  371.441    1.327   22.387    2.405   83.176    2.092    2.054    0.027    2.127    0.023    0.464    0.011     2.592    0.813    0.700    0.777
    NGC6121    7.636    0.135    0.183    0.073   22.779    0.827     2540.087       59.282    9.081    0.228    0.354    0.012   -0.215    0.086   22.487    0.657     2525.759       47.807   -1.556    0.039  194.556    3.298  733.178   12.427   92.585    1.596   57.921    1.016   34.674    3.770  251.189    4.282    4.474    0.097    4.772    0.109    0.588    0.047     2.839    0.000    0.500    0.832
    NGC6101    6.034    0.211    1.370    0.221  113.682   17.119     1936.332       51.092    5.848    0.240    0.156    0.050   -1.868    0.320   97.234    8.696     1935.884       47.591   -2.878    0.528 1036.464   15.021 1023.818   14.838  338.405    4.977  313.449    4.678   17.378    6.130   30.903    6.394   12.165    0.283   12.163    0.265    4.599    0.233     3.295    0.027    0.760    0.795
    NGC6144    5.774    0.201    0.226    0.144   25.037    2.211      600.112       23.127    9.424    0.623    0.124    0.035   -0.229    0.212   23.813    1.280      620.385       21.637   -3.716    0.532  149.960    0.987  177.720    1.169  139.087    0.921  130.635    0.871   35.721    5.779   66.118    5.681    5.879    0.190    6.259    0.176    1.587    0.110     2.005    1.009    0.707    0.789
    NGC6139    7.929    0.097    1.293    0.143   44.476    9.761      230.521        7.620    7.897    0.188    0.229    0.066   -1.249    0.382   24.679    7.196      218.290       10.945   -1.914    0.522  291.469    4.940  337.562    5.721  111.356    1.920   96.553    1.694   32.359    3.395  676.083    6.345    3.282    0.189    3.035    0.294    0.451    0.023     2.000    0.027    0.761    0.779
    NGC6171    6.770    0.050    0.409    0.141   21.176    1.541     4038.530       45.349    7.403    0.150    0.276    0.040   -0.724    0.138   21.838    0.939     4025.602       42.155   -1.968    0.213  335.771    2.623  755.701    5.904  139.327    1.097  214.324    1.701   37.154    4.322  208.930    4.786    3.898    0.064    3.953    0.063    0.986    0.021     3.924    0.640    0.658    0.832
    NGC6205    4.123    0.178    2.629    0.066  138.247   14.481    36867.395      475.099    5.326    0.068    0.220    0.006   -2.651    0.161   56.109    3.607    35336.601      649.749   -2.621    0.127 2925.214   36.565  438.593    5.482  187.887    2.378  356.345    4.569   43.652    5.077   74.131    4.622    4.184    0.030    4.270    0.038    1.897    0.044     6.127    0.026    0.671    0.808
    NGC6229    5.158    0.432    2.471    0.165  225.328   98.781      660.573       30.328    5.799    0.200    0.207    0.124   -2.727    1.742   74.192   11.683      658.492       28.393   -2.586    1.535   39.476    1.794   38.265    1.739   22.677    1.080   22.835    1.142   35.481    4.212   95.499    3.903    4.367    0.183    4.427    0.176    1.703    0.135     2.000    0.013    0.778    0.782
    NGC6218    5.734    0.130    1.377    0.124   36.258    2.677    11248.681      144.064    6.240    0.221    0.333    0.015   -0.753    0.128   22.694    0.907    11151.269      118.511   -1.703    0.064 2699.424   22.684 3087.780   25.948  332.338    2.816  211.569    1.808   23.442    3.364   40.738    3.200    4.250    0.041    4.350    0.054    1.542    0.068     4.839    0.087    0.640    0.795
    NGC6235    6.224    0.165    1.267    0.242   32.575    6.309      827.516       21.567    6.080    0.217    0.198    0.055   -1.524    0.336   26.680    3.975      821.800       21.427   -2.469    0.496  284.654    1.684  410.282    2.428  204.097    1.215  204.329    1.224   38.019    4.422  407.380    6.281    3.646    0.111    3.613    0.113    1.274    0.055     1.994    1.960    0.735    0.790
    NGC6254    7.267    0.141    0.821    0.095   34.800    1.870    11230.138      307.930    7.514    0.232    0.299    0.039   -0.816    0.182   29.501    2.089    11141.588      293.614   -1.742    0.238  819.803   10.647  725.074    9.417  112.103    1.475  106.755    1.423   25.704    3.342   58.884    3.114    4.527    0.115    4.608    0.122    0.960    0.080     5.784    0.225    0.600    0.812 
    NGC6266    7.381    0.131    1.250    0.173   29.036    5.438     7424.051      170.473    7.584    0.278    0.222    0.048   -1.226    0.282   19.330    2.309     7339.500      160.936   -2.089    0.324 1855.450    4.948 2942.712    7.847 1789.653    4.785 1632.576    4.377   23.442    2.493  154.882    2.640    2.434    0.065    2.479    0.078    0.467    0.038     4.000    3.403    0.707    0.793
    NGC6273    6.755    0.055    1.103    0.073   37.764    2.080    10402.771       98.803    6.668    0.094    0.261    0.035   -1.203    0.150   30.620    1.814    10356.384       96.388   -1.972    0.232  242.208    1.309  465.542    2.516  161.849    0.880  189.949    1.038   38.019    4.422  128.825    4.197    4.223    0.037    4.230    0.044    1.199    0.029     4.701    1.954    0.686    0.777
    NGC6284    8.423    0.197    1.518    0.219  144.006   85.603      113.485       12.088    8.080    0.178    0.458    0.034   -2.501    0.200  313.485   58.461      225.776       28.236   -0.396    0.050  282.434    1.846  301.266    1.969  286.561    1.885  278.287    1.843   54.112    5.751 1400.884   15.850    7.687    1.550   60.584   23.783    0.745    0.045     1.500    0.093    0.765    0.790
    NGC6293    7.522    0.116    0.149    0.051   12.282    0.531     1248.549       32.984    9.807    0.151    0.227    0.052   -0.253    0.202   11.670    0.422     1296.448       25.503   -2.467    0.387  923.708    3.174 1306.068    4.488  679.962    2.345  361.088    1.249   21.190    2.340   90.081    2.321    2.462    0.075    2.567    0.056    0.316    0.012     2.200    6.529    0.710    0.773
    NGC6341    7.004    0.207    1.832    0.101   92.336   13.393     9090.843      391.435    6.980    0.159    0.212    0.010   -1.846    0.144   43.997    3.557     9035.333      334.757   -1.981    0.073  325.797    8.805  331.910    8.971   58.501    1.625   37.588    1.074   30.903    3.319   58.884    2.754    3.173    0.121    3.232    0.123    0.731    0.066     6.000    0.016    0.676    0.785
    NGC6325    7.544    0.284    0.743    0.367   18.943    5.978      131.019        8.197    8.366    0.324    0.269    0.055   -0.188    0.156    8.428    0.331      105.248        1.545   -2.187    0.382 3933.638   49.170 4163.614   52.045 3910.101   49.495 3976.664   50.983   23.339    2.512  103.259    2.410    2.566    0.266    1.942    0.030    0.465    0.022     2.000    0.073    0.772    0.791
    NGC6333    4.761    0.174    2.132    0.109   38.572    4.487    30037.290      338.909    4.888    0.093    0.101    0.051   -3.375    0.831   29.720    3.221    29780.458      341.391   -4.124    0.805 1075.928    4.170  662.437    2.568  290.118    1.129  294.486    1.150   19.953    2.935   48.978    2.897    2.627    0.023    2.632    0.026    1.313    0.028     7.024   11.562    0.686    0.776
    NGC6352    8.162    0.127    0.157    0.065   25.618    1.754     2100.000       89.546   10.759    0.423    0.172    0.051   -0.217    0.248   21.736    1.351     2074.322       76.219   -2.915    0.533  491.013    1.874  590.844    2.255  437.524    1.676  411.690    1.583   50.248    5.279  748.360    7.320    5.212    0.314    5.036    0.213    0.465    0.027     2.000    9.233    0.666    0.896
    NGC6366    2.160    0.964    2.643    0.264   53.775   13.883     4247.341       77.763    3.733    0.281    0.258    0.152   -4.859    1.538   34.824    2.861     4221.758       77.322   -5.449    1.808 1651.454    9.024 1835.669   10.031  239.761    1.317  257.068    1.420   15.849    4.001   24.547    4.055    4.074    0.070    4.068    0.070    2.716    0.164     4.247    1.380    0.654    0.896
    NGC6362    4.459    0.395    2.001    0.204   63.643    8.190     6480.841      183.995    4.448    0.136    0.181    0.109   -3.086    1.662   61.212    5.340     6444.024      160.657   -4.452    1.736  226.573    4.046  191.556    3.421  158.838    2.888  272.449    5.045   34.674    6.047   74.131    6.065    5.909    0.086    5.893    0.072    3.299    0.117     4.773    0.057    0.689    0.824
    NGC6388    7.031    0.127    1.584    0.138   33.764    6.581     2077.871       40.589    7.355    0.255    0.287    0.046   -0.995    0.340   14.137    3.074     2007.387       35.504   -1.740    0.332 1938.650    5.102 1773.583    4.667  555.681    1.466  459.182    1.215   19.498    2.073   81.283    1.862    1.942    0.033    1.956    0.045    0.449    0.032     2.000    0.392    0.792    0.851
    NGC6402    3.606    0.240    2.632    0.091  110.451   17.125     4980.842       45.761    4.230    0.142    0.311    0.011   -2.094    0.175   36.454    3.720     4882.758       47.809   -1.931    0.128  416.831    1.550  318.254    1.183  269.895    1.007  300.314    1.125   23.988    4.679   42.658    4.593    4.731    0.045    4.702    0.049    2.687    0.055     3.000    1.876    0.742    0.790
    NGC6397    8.080    0.190    1.317    0.073   42.838    3.196     7715.207      312.387    7.959    0.226    0.203    0.033   -1.558    0.213   31.286    2.378     7646.472      306.358   -1.988    0.276 1087.112    9.883 1905.056   17.319  994.506    9.124 1010.129    9.353   32.182    3.567  103.700    2.468    3.087    0.131    3.090    0.166    0.389    0.040     7.000    0.001    0.501    0.781
    NGC6426    7.923    0.299    0.566    0.411   61.544   27.257      167.859       18.863   11.169    0.574    0.107    0.039   -0.239    0.245   31.682    3.167      171.970       12.431   -4.009    0.690  273.850    0.985  312.520    1.124  294.638    1.064  322.241    1.168   84.472    8.853  587.896    8.641    9.142    1.665    7.959    0.561    0.975    0.056     1.500    3.110    0.759    0.772
    NGC6496    3.894    1.098    2.417    0.333   91.103   27.220      514.810       22.971    4.772    0.309    0.229    0.140   -3.593    1.749   69.419   11.161      516.514       19.033   -5.048    1.798  617.015    5.099  680.990    5.628  124.903    1.041  127.803    1.074   12.589    4.441   23.988    4.964    5.686    0.252    5.839    0.187    3.031    0.185     1.877    0.184    0.822    0.923
    NGC6539    6.365    0.316    1.093    0.512   25.116   10.180      620.235       26.979    7.949    0.291    0.357    0.077   -0.124    0.331   14.002    1.636      604.023       20.442   -1.705    0.560 1771.665    6.396 1787.866    6.454  829.963    3.007  546.104    1.986   53.703    5.667  457.088    6.383    3.132    0.137    3.160    0.127    0.823    0.052     2.000    0.700    0.829    0.841 
    NGC6541    7.057    0.194    1.735    0.096   49.862    5.786     6294.063      309.429    6.792    0.163    0.140    0.037   -2.448    0.379   36.385    4.835     6229.501      330.400   -2.683    0.513  614.048    7.310  496.631    5.912  222.434    2.680  231.447    2.823   28.184    2.957  102.329    2.129    2.110    0.059    2.039    0.058    0.515    0.044     3.369    0.078    0.660    0.793
    ic1276    3.105    0.802    2.478    0.338   46.593   16.967     3634.990       89.247    5.297    0.792    0.499    0.081   -0.102    1.127   10.903    7.685     3458.870      115.901   -1.167    0.626 1508.387    6.285 1496.242    6.234  332.300    1.390  308.302    1.295   36.308    4.957  141.254    5.372    3.509    0.073    3.462    0.079    2.209    0.309     3.575    5.057    0.782    0.829
    NGC6569    3.789    0.981    2.383    0.413   38.497   16.422      313.051       15.241    4.230    0.406    0.217    0.139   -5.804    1.569   25.613    4.023      311.658       11.923   -5.781    1.547  397.967    4.738  445.234    5.300  354.166    4.267  392.472    4.786   23.988    3.357   79.433    3.478    2.588    0.104    2.603    0.095    1.539    0.125     2.000    0.075    0.815    0.827
    NGC6584    6.658    0.241    1.159    0.274   34.266    6.854     2249.167      100.906    5.811    0.157    0.190    0.138   -5.098    1.461   70.719    6.945     2335.983       92.973   -5.076    1.606  837.577    4.986 1272.120    7.572  909.579    5.447  882.573    5.317   31.623    3.836  199.526    4.571    3.735    0.103    3.550    0.082    1.376    0.079     2.144    0.666    0.760    0.814
    NGC6624    7.839    3.960    0.750    0.549   11.254    9.011     1075.370       64.137    9.420    0.114    0.258    0.067   -0.452    0.211    7.928    0.328     1019.341        8.469   -2.109    0.417  852.260    2.374 1163.422    3.241 4135.316   11.551  985.779    2.761   17.725    1.865  213.374    2.495    1.736    0.172    1.661    0.018    0.211    0.007     2.000    7.973    0.806    0.915
    NGC6626    7.644    0.077    1.183    0.121   27.309    3.636     2022.231       36.400    7.662    0.130    0.222    0.038   -1.287    0.203   19.966    1.828     2018.295       35.766   -2.025    0.266  289.151    1.439  484.874    2.412  300.911    1.505  283.792    1.426   22.818    2.407  115.676    2.202    2.383    0.062    2.399    0.056    0.411    0.013     3.000    0.333    0.692    0.788
    NGC6637    6.013    0.123    0.839    0.341   14.904    3.171     1647.110       34.333    6.560    0.279    0.237    0.055   -0.871    0.245   12.601    0.908     1643.624       30.416   -2.335    0.380  424.201    1.625  480.686    1.842  306.310    1.178  302.132    1.167   22.909    2.979   89.125    3.142    2.433    0.053    2.454    0.048    0.839    0.033     2.000    5.284    0.750    0.891
    NGC6652    7.919    0.061    0.453    0.161   10.782    1.271     1554.183       26.981    9.140    0.130    0.369    0.027   -0.163    0.103    8.222    0.422     1540.542       19.911   -1.498    0.122  760.932    2.984 1881.642    7.379  467.997    1.843  301.908    1.193   18.621    1.949  218.776    2.544    1.789    0.043    1.783    0.031    0.219    0.006     1.937    2.584    0.758    0.866
    NGC6656    6.574    0.050    1.196    0.054   40.066    1.395    13826.492      116.644    6.380    0.070    0.254    0.009   -1.310    0.061   32.628    0.829    13749.294      114.523   -2.001    0.053  353.827    3.077 1054.932    9.173  126.124    1.106  114.986    1.018   32.359    4.208  112.202    4.267    4.314    0.037    4.283    0.039    1.350    0.022    10.000    0.002    0.500    0.795
    PAL8    5.042    0.529    1.391    0.462   32.937    9.460      276.031       19.640    5.872    0.909    0.231    0.083   -0.887    0.515   20.959    3.893      279.146       19.466   -2.365    0.556  228.808    0.919  231.473    0.930  230.725    0.930  233.985    0.947   26.076    4.644   51.370    4.521    4.629    0.313    4.709    0.389    1.990    0.180     2.000    5.958    0.863    0.880
    NGC6681    8.334    0.129    0.875    0.119   21.140    2.358     2412.421       51.915    8.871    0.217    0.302    0.043   -0.721    0.198   14.935    1.520     2402.619       49.785   -1.581    0.226 2049.587    9.807 3774.934   18.062 1940.429    9.329 1506.858    7.280   23.763    2.518  121.955    2.221    2.556    0.086    2.575    0.090    0.238    0.021     2.449    1.748    0.698    0.792
    NGC6715    6.999    0.108    2.059    0.065  331.968  130.630     3095.762       70.639    7.054    0.065    0.119    0.045   -3.982    1.360  227.846   34.065     3062.806       67.630   -3.139    1.327 23983.125   67.558 1428.928    4.025 1016.490    2.871 1020.254    2.890   79.433    8.858  380.189    5.309    4.509    0.150    4.510    0.175    0.937    0.0249   2.000    0.930    0.806    0.814
    NGC6717    8.893    0.346    1.324    0.276   29.902   14.704      528.192       40.299    8.901    0.447    0.376    0.110   -0.783    0.534   11.644    6.033      480.587       40.165   -1.113    0.633  206.990    0.900  213.180    0.927  206.395    0.901  204.243    0.896   19.351    2.287  355.646    3.724    2.471    0.297    2.274    0.307    0.156    0.043     1.500    5.408    0.700    0.808
    NGC6723    4.179    0.224    2.267    0.144   65.839    9.585     8679.229       86.005    4.358    0.094    0.281    0.015   -2.217    0.245   39.761    4.255     8658.547       87.129   -2.168    0.176  351.306    2.223  292.934    1.854  119.572    0.762  122.274    0.784   30.200    5.145   53.703    4.919    4.681    0.038    4.701    0.036    2.631    0.037     4.208    0.654    0.707    0.816
    NGC6752    8.206    0.080    1.462    0.031   52.360    2.086    37505.702      746.679    7.975    0.097    0.197    0.009   -1.723    0.069   34.472    1.310    36973.292      774.782   -1.915    0.058 1750.063   13.060 3253.576   24.280  838.293    6.303  933.604    7.073   32.211    3.695  119.152    2.243    3.039    0.073    3.019    0.088    0.331    0.016     7.785    0.052    0.550    0.798
    NGC6779    6.813    0.109    1.278    0.177   47.561    7.853     2911.253       49.499    6.962    0.154    0.349    0.015   -0.773    0.109   26.737    1.488     2891.033       46.279   -1.528    0.042 1189.701    8.438 1484.349   10.527  368.347    2.631  307.316    2.211   33.113    4.306  208.930    5.254    4.407    0.086    4.459    0.084    1.142    0.031     1.700    0.175    0.700    0.786
    NGC6809    0.824    0.593    2.641    0.121   56.348    3.695    21126.261      233.981    2.707    0.151    0.229    0.021   -2.606    0.368   34.690    3.140    20885.703      264.348   -2.369    0.412  575.920    5.999  291.276    3.034   97.199    1.023  116.469    1.239   27.542    5.717   38.905    5.702    5.798    0.035    5.843    0.037    4.678    0.158     6.830    0.184    0.600    0.782
    TERZAN8    2.829    1.626    2.000    0.750  115.729   74.574      139.061       14.316    2.847    1.304    0.229    0.150   -4.722    1.957  110.095   36.798      137.985       14.984   -4.776    2.026  114.109    1.108  114.069    1.107  114.137    1.119  114.276    1.131   69.725   16.344  105.289   16.305   16.413    1.416   16.703    1.702   12.987    4.428     0.000    0.903    0.773    0.780
    PAL11    0.274    0.167    0.159    0.064   12.080    0.400      372.733       18.849    1.510    1.592    0.047    0.052   -0.059    0.702   16.029    0.559      365.550       18.201   -3.709    2.424  458.183    1.958  671.712    2.871  293.129    1.258  435.156    1.876   16.418    5.837   29.313    6.009    5.811    0.139    5.809    0.159    7.320    3.577     2.000    2.215    0.831    0.874
    NGC6864    7.610    0.207    1.623    0.156   75.476   21.410      298.579       12.672    7.438    0.213    0.111    0.044   -2.376    0.455   51.119   10.911      296.901       12.518   -2.942    0.786   45.322    1.462   47.812    1.542   32.692    1.090   32.721    1.128   35.481    3.714  128.825    2.951    3.348    0.214    3.379    0.235    0.561    0.050     1.023    0.156    0.779    0.789
    NGC6934    6.231    0.094    1.760    0.128   60.858   11.712      818.686       10.945    5.960    0.078    0.259    0.046   -1.579    0.654   32.843   17.726      807.958       11.194   -1.961    0.650  289.089    3.569  104.402    1.289   58.156    0.727   59.459    0.753   36.308    4.223   83.176    3.642    3.712    0.062    3.718    0.066    1.326    0.033     2.000    0.016    0.781    0.814
    NGC6981    4.562    0.282    2.170    0.185   77.883   15.181     1282.896       22.369    4.735    0.130    0.223    0.076   -2.968    1.368   62.248    5.081     1279.306       17.171   -3.407    1.515  807.862    9.286  251.851    2.895   63.140    0.734   81.275    0.956   39.811    6.155   69.183    5.660    5.435    0.089    5.447    0.067    2.848    0.066     2.253    0.040    0.796    0.821
    NGC7006    4.502    0.240    2.589    0.104  241.866   67.465      320.210        5.232    5.108    0.135    0.371    0.046   -2.477    0.507   74.922   10.762      313.065        4.838   -1.984    0.233 1182.919    4.317  667.498    2.436  322.665    1.182  352.210    1.295   56.234    7.140  144.544    6.760    5.930    0.078    5.916    0.086    2.772    0.071     2.000    0.339    0.778    0.781
    NGC7078    7.534    0.087    1.677    0.040   93.664    6.091    17559.283      247.650    7.189    0.079    0.165    0.028   -2.201    0.235   62.935    6.028    17488.103      252.669   -2.255    0.315 1673.935    6.917 2223.784    9.189 1694.134    7.030 1920.062    8.000   39.562    4.170  163.566    3.477    3.751    0.059    3.644    0.069    0.699    0.031     4.371    0.100    0.714    0.785
    NGC7089    6.267    0.182    2.008    0.084   98.268   10.225    13798.839      385.571    6.288    0.099    0.205    0.009   -2.174    0.372   51.360   11.255    13705.322      369.368   -2.233    0.195  504.934    8.416  420.977    7.016   67.335    1.141   47.617    0.821   42.658    4.782  117.490    4.143    3.485    0.087    3.491    0.081    1.147    0.076     4.190    0.024    0.740    0.811
    NGC7099    8.369    0.121    1.405    0.054   49.368    3.637     6152.992      152.055    8.264    0.148    0.199    0.021   -1.619    0.156   32.636    2.665     6084.802      165.737   -1.922    0.133 2181.424   20.013 9516.305   87.306 2396.551   22.190 2348.427   21.948   31.341    3.479  107.902    2.584    3.196    0.107    3.205    0.115    0.309    0.026     3.368    0.021    0.672    0.780
    PAL12    5.287    0.444    1.511    0.375   65.589   19.344      132.594        4.893    5.195    0.412    0.243    0.093   -1.959    0.871   69.403   34.821      137.460        6.562   -2.314    0.893   69.982    1.228   70.170    1.231   71.605    1.279   96.662    1.757   47.463    7.754  111.697    7.916    7.680    0.367    8.012    0.548    3.618    0.212     2.000    0.066    0.886    0.918
    NGC7492    1.279    0.888    1.643    0.560   51.891   18.352      123.865        7.040    0.909    1.358    0.199    0.111   -1.806    0.819   32.842    3.721      120.146        6.006   -1.347    1.703 8581.524  119.188 8605.861  119.526 2623.215   36.947 2589.392   36.991   44.668   11.452   60.256   11.240   12.007    0.518   11.576    0.434   11.443    4.554     2.000    0.018    0.769    0.776
