    1  NGC104      47Tuc          6.024  -72.081    4.5   -17.21  0.18    5.237   -2.524  0.039  0.039  -0.002   18.3  23917  NGC104	Vasiliev2018                   
    2  NGC288      na            13.188  -26.583    8.9   -44.83  0.13    4.252   -5.641  0.053  0.052   0.019    6.1   2544  NGC288    V18
    3  NGC362      na            15.809  -70.849    8.6   223.26  0.28    6.730   -2.535  0.053  0.052  -0.004    7.8   1741  NGC362    V18               
    4  WHITING1    na            30.738  -03.253   30.1  -130.41  1.79   -0.234   -1.782  0.115  0.094  -0.050    0.5     11  Whiting1  V18               
    5  NGC1261     na            48.068  -55.216   16.3    71.36  0.24    1.632   -2.038  0.057  0.057   0.009    4.1    541  NGC1261   V18               
    6  PAL1        na            53.334   79.581   11.1   -75.41  0.21   -0.171    0.070  0.074  0.081   0.003    0.7     51  PAL1      V18               
    7  E1          AM1           58.760  -49.615  123.3   118.00 14.14    0.387   -0.406  0.129  0.167  -0.073    0.4     39  E1        V18               
    8  ERIDANUS    na            66.185  -21.187   90.1   -23.79  1.07    0.493   -0.402  0.084  0.087  -0.133    0.8     15  NameEridanusStarCluster V18
    9  PAL2        na            71.525  +31.381   27.2  -135.97  1.55    1.034   -1.557  0.075  0.068   0.009    1.5     76  PAL2      V18               
   10  NGC1851     na            78.528  -40.047   12.1   320.30  0.25    2.120   -0.589  0.054  0.054  -0.007    5.5    786  NGC1851   V18               
   11  NGC1904     M79           81.046  -24.525   12.9   205.84  0.19    2.467   -1.573  0.057  0.058  -0.001    4.5    583  NGC1904   V18               
   12  NGC2298     na           102.248  -36.005   10.8   146.18  0.71    3.316   -2.186  0.061  0.061   0.001    3.2    444  NGC2298   V18               
   13  NGC2419     na           114.535  +38.882   82.6   -20.67  0.34   -0.011   -0.557  0.064  0.061   0.010    3.2    131  NGC2419   V18               
   14  PYXIS       na           136.991  -37.221   39.4    40.46  0.21    1.078    0.212  0.068  0.071   0.025    2.0     64  NamePyxisCluster V18        
   15  NGC2808     na           138.013  -64.864    9.6   103.90  0.30    1.005    0.274  0.051  0.051  -0.006    8.4   1837  NGC2808   V18               
   16  E3          ESO37-1      140.238  -77.282    8.1     4.93  0.42   -2.695    7.115  0.064  0.064  -0.009    1.9    191  E3        V18               
   17  PAL3        na           151.383  +00.072   92.5    94.04  0.80    0.054   -0.086  0.147  0.168  -0.428    0.7     34  PAL3      V18               
   18  NGC3201     na           154.403  -46.412    4.9   494.34  0.14    8.324   -1.991  0.044  0.044   0.001   12.5   7021  NGC3201   V18               
   19  PAL4        na           172.320  +28.974  108.7    72.40  0.24   -0.135   -0.518  0.106  0.176  -0.471    0.5     32  PAL4      V18               
   20  CRATER      LAEVENS1     174.067  -10.877  145.0   148.30  0.93   -0.002   -0.150  0.288  0.184  -0.172    0.4     10  NameCraterCluster V18       
   21  NGC4147     na           182.526  +18.543   19.3   179.52  0.33   -1.705   -2.114  0.065  0.063  -0.014    2.2    248  NGC4147   V18               
   22  NGC4372     na           186.439  -72.659    5.8    75.59  0.30   -6.378    3.358  0.050  0.050   0.001    7.8   2189  NGC4372   V18               
   23  RUP106      na           189.667  -51.150   21.2   -38.42  0.30   -1.263    0.399  0.064  0.063   0.027    2.1    119  Rup106    V18               
   24  NGC4590     M68          189.867  -26.744   10.3   -92.99  0.22   -2.752    1.762  0.054  0.053  -0.027    6.7   1479  NGC4590   V18                
   25  NGC4833     na           194.891  -70.876    6.6   201.99  0.40   -8.361   -0.949  0.055  0.054   0.006    7.1   1861  NGC4833   V18               
   26  NGC5024     M53          198.230  +18.168   17.9   -62.85  0.26   -0.148   -1.355  0.053  0.052  -0.025    7.7   1924  NGC5024   V18               
   27  NGC5053     na           199.113  +17.700   17.4    42.77  0.25   -0.366   -1.248  0.058  0.056  -0.021    4.0    657  NGC5053   V18               
   28  NGC5139     OMEGACEN     201.697  -47.480    5.2   234.28  0.24   -3.234   -6.719  0.039  0.039  -0.002   25.2  23635  NGC5139   V18               
   29  NGC5272     M3           205.548  +28.377   10.2  -147.28  0.34   -0.142   -2.647  0.045  0.043  -0.006    9.5   3924  NGC5272   V18               
   30  NGC5286     na           206.612  -51.374   11.7    62.38  0.40    0.207   -0.111  0.059  0.059  -0.002    4.1    431  NGC5286   V18               
   31  NGC5466     na           211.364  +28.534   16.0   106.93  0.18   -5.414   -0.805  0.053  0.053   0.010    4.8    988  NGC5466   V18               
   32  NGC5634     na           217.405  -05.976   25.2   -16.07  0.60   -1.724   -1.507  0.064  0.064  -0.002    2.3    188  NGC5634   V18               
   33  NGC5694     na           219.901  -26.539   35.0  -139.55  0.49   -0.486   -1.071  0.069  0.068  -0.060    2.1    100  NGC5694   V18               
   34  IC4499      na           225.077  -82.214   18.8    38.41  0.31    0.491   -0.485  0.059  0.059   0.006    3.4    387  IC4499    V18               
   35  NGC5824     na           225.994  -33.068   32.1   -25.24  0.52   -1.170   -2.226  0.060  0.058   0.012    5.0    373  NGC5824   V18               
   36  PAL5        na           229.022  -00.112   23.2   -58.60  0.21   -2.736   -2.646  0.064  0.064  -0.048    3.3    203  PAL5      V18               
   37  NGC5897     na           229.352  -21.010   12.5   101.31  0.22   -5.427   -3.438  0.057  0.056  -0.014    4.8   1002  NGC5897   V18               
   38  NGC5904     M5           229.638  +02.081    7.5    53.70  0.25    4.078   -9.854  0.047  0.047  -0.008   10.0   4502  NGC5904   V18               
   39  NGC5927     na           232.003  -50.673    7.7  -104.07  0.28   -5.049   -3.231  0.055  0.055  -0.003   11.0   1829  NGC5927   V18               
   40  NGC5946     na           233.869  -50.660   10.6   137.41  1.42   -5.331   -1.614  0.065  0.064  -0.008    2.9    217  NGC5946   V18               
   41  BH176       ESO224-8     234.781  -50.053   18.9    -6.00 14.00   -4.002   -3.064  0.071  0.067   0.019    2.3    115  ClVDBH176 V18              
   42  NGC5986     na           236.512  -37.786   10.4   101.18  0.43   -4.186   -4.604  0.060  0.059  -0.011    5.6    812  NGC5986   V18               
   43  FSR1716     na           242.625  -53.748    9.5   -33.14  1.01   -4.527   -8.639  0.066  0.064  -0.028    2.3     67  [FSR2007]1716 V18           
   44  PAL14       ARP1         242.752  +14.958   76.5    72.30  0.14   -0.504   -0.461  0.081  0.078   0.167    1.8     61  PAL14     V18               
   45  BH184       LYNGA7       242.765  -55.318    8.0    17.86  0.83   -3.844   -7.039  0.064  0.063  -0.007    2.2    154  ClVDBH184 V18              
   46  NGC6093     M80          244.260  -22.976   10.0    10.93  0.39   -2.931   -5.578  0.061  0.060   0.001    4.3    474  NGC6093   V18               
   47  NGC6121     M4           245.897  -26.526    2.2    71.05  0.08  -12.490  -19.001  0.044  0.044  -0.001    8.6   7526  NGC6121   V18               
   48  NGC6101     na           246.451  -72.202   15.4   366.33  0.32    1.757   -0.223  0.053  0.054   0.005    6.1   1260  NGC6101   V18               
   49  NGC6144     na           246.808  -26.023    8.9   195.74  0.74   -1.767   -2.621  0.062  0.061   0.002    2.0    123  NGC6144   V18               
   50  NGC6139     na           246.918  -38.849   10.1    24.41  0.95   -6.184   -2.648  0.062  0.061   0.006    3.6    426  NGC6139   V18               
   51  TERZAN3     na           247.167  -35.353    8.2  -135.76  0.57   -5.602   -1.690  0.063  0.062   0.006    2.9    365  TERZAN3   V18               
   52  NGC6171     M107         248.133  -13.054    6.4   -34.68  0.19   -1.924   -5.968  0.057  0.056   0.000    4.8   1304  NGC6171   V18               
   53  ESO452-11   1636-283     249.856  -28.399    8.3    16.27  0.48   -1.540   -6.418  0.070  0.068  -0.016    0.9     28  ESO452-11 V18               
   54  NGC6205     M13          250.422  +36.460    7.1  -244.49  0.43   -3.164   -2.588  0.047  0.047   0.011   10.3   3982  NGC6205   V18               
   55  NGC6229     na           251.745  +47.528   30.5  -138.64  0.77   -1.189   -0.436  0.063  0.064   0.007    2.2    123  NGC6229   V18               
   56  NGC6218     M12          251.809  -01.949    4.8   -41.35  0.20   -0.141   -6.802  0.052  0.051   0.019    6.8   3356  NGC6218   V18               
   57  FSR1735     2MASS-GC03   253.044  -47.058   10.8     5.00 10.00   -5.015   -0.141  0.112  0.103  -0.134    0.8     16  [FSR2007]1735 V18            
   58  NGC6235     na           253.355  -22.177   11.5   126.68  0.33   -3.973   -7.624  0.064  0.063   0.009    2.1    168  NGC6235   V18               
   59  NGC6254     M10          254.288  -04.100    4.4    74.02  0.31   -4.759   -6.554  0.049  0.048   0.012    8.2   5285  NGC6254   V18               
   60  NGC6256     na           254.886  -37.121   10.3  -101.37  1.19   -3.664   -1.493  0.068  0.066   0.005    1.9    126  NGC6256   V18               
   61  PAL15       na           254.963  -00.539   45.1    72.27  1.74   -0.580   -0.861  0.076  0.070   0.027    1.8     60  PAL15     V18               
   62  NGC6266     M62          255.303  -30.114    6.8   -73.49  0.70   -5.041   -2.952  0.057  0.057   0.004    6.9   1169  NGC6266   V18               
   63  NGC6273     M19          255.657  -26.268    8.8   145.54  0.59   -3.232    1.669  0.057  0.056   0.010    6.2   1059  NGC6273   V18               
   64  NGC6284     na           256.119  -24.765   15.3    28.26  0.93   -3.196   -2.008  0.065  0.064   0.009    2.5    141  NGC6284   V18               
   65  NGC6287     na           256.288  -22.708    9.4  -294.74  1.65   -4.977   -1.882  0.063  0.062   0.003    2.8    338  NGC6287   V18               
   66  NGC6293     na           257.543  -26.582    9.5  -143.66  0.39    0.890   -4.338  0.064  0.063   0.007    2.4    182  NGC6293   V18               
   67  NGC6304     na           258.634  -29.462    5.9  -108.62  0.39   -4.051   -1.073  0.063  0.063   0.004    2.8    159  NGC6304   V18               
   68  NGC6316     na           259.155  -28.140   10.4    99.81  0.82   -4.945   -4.608  0.066  0.065   0.012    2.5    114  NGC6316   V18               
   69  NGC6341     M92          259.281  +43.136    8.3  -120.48  0.27   -4.925   -0.536  0.052  0.052   0.010    7.4   1847  NGC6341   V18               
   70  NGC6325     na           259.497  -23.766    7.8    29.54  0.58   -8.426   -9.011  0.068  0.067   0.008    1.7    147  NGC6325   V18               
   71  NGC6333     M9           259.797  -18.516    7.9   310.75  2.12   -2.228   -3.214  0.059  0.058   0.009    4.7    526  NGC6333   V18              
   72  NGC6342     na           260.292  -19.587    8.5   116.56  0.74   -2.932   -7.101  0.064  0.064   0.004    2.2    195  NGC6342   V18               
   73  NGC6356     na           260.896  -17.813   15.1    38.93  1.88   -3.814   -3.381  0.060  0.059   0.010    4.7    547  NGC6356   V18               
   74  NGC6355     na           260.994  -26.353    9.2  -194.13  0.83   -4.657   -0.522  0.066  0.065   0.014    1.6     93  NGC6355   V18               
   75  NGC6352     na           261.371  -48.422    5.6  -125.63  1.01   -2.172   -4.398  0.056  0.056   0.003    5.4   2064  NGC6352   V18               
   76  IC1257      na           261.785  -07.093   25.0  -137.97  2.04   -0.928   -1.407  0.087  0.081   0.037    0.8     16  IC1257    V18               
   77  TERZAN2     HP3          261.888  -30.802    7.5   128.96  1.18   -2.237   -6.210  0.081  0.075   0.086    0.8     25  TERZAN2   V18               
   78  NGC6366     na           261.934  -05.080    3.5  -120.65  0.19   -0.363   -5.115  0.053  0.053   0.015    6.2   2226  NGC6366   V18               
   79  TERZAN4     HP4          262.663  -31.596    7.2   -39.93  3.76   -5.386   -3.361  0.088  0.080   0.020    0.6     26  TERZAN4   V18               
   80  BH229       HP1          262.772  -29.982    8.2    40.61  1.29    2.462  -10.142  0.073  0.071  -0.001    1.4     35  ClVDBH229 V18              
   81  NGC6362     na           262.979  -67.048    7.6   -14.58  0.18   -5.510   -4.750  0.051  0.052   0.000    6.5   2877  NGC6362   V18               
   82  NGC6380     TON1         263.617  -39.069   10.9    -6.54  1.48   -2.142   -3.107  0.067  0.066  -0.006    2.1    181  NGC6380   V18               
   83  TERZAN1     HP2          263.949  -30.481    6.7    57.55  1.61   -2.967   -4.811  0.083  0.080   0.026    1.1     65  TERZAN1   V18               
   84  TON2        PISMIS26     264.044  -38.553    8.2  -184.72  1.12   -5.912   -0.548  0.067  0.066   0.013    1.9    116  TON2      V18               
   85  NGC6388     na           264.072  -44.736    9.9    82.85  0.48   -1.331   -2.672  0.057  0.057   0.004    5.6    791  NGC6388   V18               
   86  NGC6402     M14          264.400  -03.246    9.3   -60.71  0.45   -3.640   -5.035  0.058  0.058   0.008    4.8    718  NGC6402   V18               
   87  NGC6401     na           264.652  -23.910   10.6   -99.26  3.18   -2.849    1.476  0.070  0.069  -0.001    2.0     60  NGC6401   V18               
   88  NGC6397     na           265.175  -53.674    2.3    18.39  0.10    3.285  -17.621  0.043  0.043   0.001   11.1  11406  NGC6397   V18               
   89  PAL6        na           265.926  -26.223    5.8   176.28  1.53   -9.256   -5.330  0.078  0.076   0.038    1.3     47  PAL6      V18               
   90  NGC6426     na           266.228  +03.170   20.6  -210.51  0.51   -1.862   -2.994  0.064  0.064   0.019    2.1    144  NGC6426   V18               
   91  DJORG1      na           266.868  -33.066  -99.9  -359.81  1.98   -5.160   -8.324  0.080  0.075  -0.006    0.9     28  DJORG1    V18               
   92  TERZAN5     TERZAN11     267.020  -24.779    6.9   -81.40  1.36   -1.560   -4.724  0.106  0.102   0.072    2.0     59  TERZAN5   V18               
   93  NGC6440     na           267.220  -20.360    8.5   -69.39  0.93   -1.070   -3.828  0.069  0.068   0.025    2.9    154  NGC6440   V18               
   94  NGC6441     na           267.554  -37.051   11.6    17.27  0.93   -2.568   -5.322  0.059  0.059   0.001    6.2    247  NGC6441   V18               
   95  TERZAN6     HP5          267.693  -31.275    6.8   137.15  1.70   -5.634   -7.042  0.186  0.156   0.155    1.1     24  TERZAN6   V18               
   96  NGC6453     na           267.715  -34.599   11.6   -91.16  3.08    0.165   -5.895  0.071  0.070   0.006    1.8     30  NGC6453   V18               
   97  NGC6496     na           269.765  -44.266   11.3  -134.72  0.26   -3.037   -9.239  0.061  0.061   0.004    2.8    350  NGC6496   V18               
   98  TERZAN9     na           270.412  -26.840    7.1    29.31  2.96   -2.197   -7.451  0.073  0.070   0.041    0.9     50  TERZAN9   V18               
   99  DJORG2      ESO456-38    270.455  -27.826    6.3  -148.05  1.38    0.515   -3.052  0.079  0.074  -0.036    0.9      9  DJORG2    V18               
  100  NGC6517     na           270.461  -08.959   10.6   -37.07  1.68   -1.498   -4.221  0.066  0.066   0.016    2.5    237  NGC6517   V18               
  101  TERZAN10    na           270.742  -26.067    5.8   -64.11  3.09   -6.912   -2.409  0.085  0.080   0.074    1.6     27  TERZAN10  V18               
  102  NGC6522     na           270.892  -30.034    7.7   -13.90  0.71    2.618   -6.431  0.072  0.071   0.003    1.9     38  NGC6522   V18               
  103  NGC6535     na           270.960  -00.298    6.8  -214.85  0.46   -4.249   -2.900  0.064  0.064   0.007    2.2    318  NGC6535   V18               
  104  NGC6528     na           271.207  -30.056    7.9   210.31  0.75   -2.347   -5.531  0.081  0.078   0.017    0.9     18  NGC6528   V18               
  105  NGC6539     na           271.207  -07.586    7.8    35.69  0.55   -6.865   -3.477  0.061  0.061   0.009    3.2    563  NGC6539   V18               
  106  NGC6540     DJORG3       271.536  -27.765    5.3   -17.98  0.84   -3.760   -2.799  0.077  0.076   0.029    0.8     15  NGC6540   V18               
  107  NGC6544     na           271.836  -24.997    3.0   -38.12  0.76   -2.349  -18.557  0.060  0.060   0.001    5.2    551  NGC6544   V18               
  108  NGC6541     na           272.010  -43.715    7.5  -163.97  0.46    0.349   -8.843  0.056  0.055  -0.007    6.3   1375  NGC6541   V18               
  109  ESO280-06   na           272.275  -46.423   21.4    93.20  0.34   -0.552   -2.724  0.082  0.075   0.085    1.1     33  ESO280-06 V18               
  110  NGC6553     na           272.323  -25.909    6.0     0.72  0.40    0.246   -0.409  0.063  0.063   0.003    3.5    325  NGC6553   V18               
  111  NGC6558     na           272.573  -31.764    7.4  -195.70  0.70   -1.810   -4.133  0.067  0.066   0.003    1.1     42  NGC6558   V18               
  112  PAL7        IC1276       272.684  -07.208    5.4   155.06  0.69   -2.577   -4.374  0.059  0.059   0.009    4.2    938  PAL7      V18               
  113  TERZAN12    na           273.066  -22.742    4.8    94.77  0.97   -6.151   -2.679  0.069  0.068   0.049    1.5    104  TERZAN12  V18               
  114  NGC6569     na           273.412  -31.827   10.9   -49.83  0.50   -4.109   -7.267  0.062  0.062   0.005    2.7    169  NGC6569   V18               
  115  BH261       ESO456-78    273.527  -28.635    6.5   -29.38  0.60    3.590   -3.573  0.077  0.076   0.037    0.5     13  ClVDBH261 V18              
  116  NGC6584     na           274.657  -52.216   13.5   260.64  1.58   -0.053   -7.185  0.061  0.061   0.000    3.6    392  NGC6584   V18               
  117  NGC6624     na           275.919  -30.361    7.9    54.26  0.45    0.099   -6.904  0.065  0.064   0.002    2.0    162  NGC6624   V18               
  118  NGC6626     M28          276.137  -24.870    5.5    11.11  0.60   -0.301   -8.913  0.061  0.061  -0.003    3.7    383  NGC6626   V18               
  119  NGC6638     na           277.734  -25.497    9.4     8.63  2.00   -2.550   -4.075  0.066  0.065   0.013    1.9    103  NGC6638   V18               
  120  NGC6637     M69          277.846  -32.348    8.8    46.63  1.45   -5.113   -5.813  0.063  0.063   0.011    2.5    283  NGC6637   V18               
  121  NGC6642     na           277.975  -23.475    8.1   -33.23  1.13   -0.189   -3.898  0.065  0.065   0.004    1.8     93  NGC6642   V18               
  122  NGC6652     na           278.940  -32.991   10.0   -99.04  0.51   -5.506   -4.204  0.064  0.063   0.001    2.4    225  NGC6652   V18               
  123  NGC6656     M22          279.100  -23.905    3.2  -147.76  0.30    9.833   -5.557  0.047  0.047   0.008   11.8   4178  NGC6656   V18               
  124  PAL8        na           280.375  -19.826   12.8   -41.14  1.81   -2.031   -5.634  0.063  0.063   0.015    2.4    174  PAL8      V18               
  125  NGC6681     M70          280.803  -32.292    9.0   216.62  0.84    1.458   -4.688  0.060  0.060   0.009    4.0    686  NGC6681   V18               
  126  NGC6712     na           283.268  -08.706    6.9  -107.45  0.29    3.341   -4.384  0.062  0.061   0.006    2.8    309  NGC6712   V18               
  127  NGC6715     M54          283.764  -30.480   26.5   143.06  0.56   -2.711   -1.355  0.058  0.058   0.009    7.9    854  NGC6715   V18               
  128  NGC6717     PAL9         283.775  -22.701    7.1    32.45  1.44   -3.106   -4.951  0.065  0.064   0.022    2.0     97  NGC6717   V18               
  129  NGC6723     na           284.888  -36.632    8.7   -94.18  0.26    1.033   -2.445  0.057  0.057   0.004    5.2   1824  NGC6723   V18               
  130  NGC6749     na           286.314  +01.901    7.9   -58.44  0.96   -2.865   -5.987  0.061  0.061   0.011    4.3    395  NGC6749   V18               
  131  NGC6752     na           287.717  -59.985    4.0   -26.28  0.16   -3.170   -4.043  0.042  0.042   0.004   12.3  10850  NGC6752   V18               
  132  NGC6760     na           287.800  +01.030    7.4    -0.42  1.63   -1.129   -3.561  0.060  0.059   0.009    4.2    572  NGC6760   V18               
  133  NGC6779     M56          289.148  +30.183    9.4  -136.97  0.45   -2.020    1.644  0.059  0.059   0.004    4.5    811  NGC6779   V18               
  134  TERZAN7     na           289.433  -34.658   22.8   159.45  0.14   -2.999   -1.586  0.068  0.067   0.032    1.5     93  TERZAN7   V18               
  135  PAL10       na           289.509  +18.572    5.9   -31.70  0.23   -4.250   -6.924  0.064  0.064   0.005    2.2    246  PAL10     V18               
  136  ARP2        na           292.184  -30.356   28.6   123.01  0.33   -2.381   -1.510  0.067  0.066   0.013    1.9    137  Arp2      V18               
  137  NGC6809     M55          294.999  -30.965    5.4   174.40  0.24   -3.420   -9.269  0.050  0.050   0.010    8.8   4224  NGC6809   V18               
  138  TERZAN8     na           295.435  -33.999   26.3   148.53  0.17   -2.472   -1.556  0.062  0.060  -0.006    2.7    251  TERZAN8   V18               
  139  PAL11       na           296.310  -08.007   13.4   -67.64  0.76   -1.821   -4.934  0.066  0.064   0.027    1.8    174  PAL11     V18               
  140  NGC6838     M71          298.444  +18.779    4.0   -22.27  0.19   -3.415   -2.614  0.054  0.054   0.005    5.1   2676  NGC6838   V18               
  141  NGC6864     M75          301.520  -21.921   20.9  -189.08  1.12   -0.559   -2.798  0.062  0.061   0.009    2.8    224  NGC6864   V18               
  142  NGC6934     na           308.547  +07.404   15.6  -406.22  0.73   -2.636   -4.667  0.060  0.060   0.009    4.0    336  NGC6934   V18               
  143  NGC6981     M72          313.365  -12.537   17.0  -331.39  1.47   -1.233   -3.290  0.062  0.061   0.016    3.0    350  NGC6981   V18               
  144  NGC7006     na           315.372  +16.187   41.2  -383.47  0.73   -0.102   -0.569  0.067  0.068  -0.013    2.0    137  NGC7006   V18               
  145  NGC7078     M15          322.493  +12.167   10.4  -106.76  0.25   -0.643   -3.763  0.051  0.051   0.001    9.9   2198  NGC7078   V18               
  146  NGC7089     M2           323.363  -00.823   11.5    -3.72  0.34    3.518   -2.145  0.054  0.054   0.013    6.2   1369  NGC7089   V18               
  147  NGC7099     M30          325.092  -23.180    8.1  -185.19  0.17   -0.694   -7.271  0.055  0.054   0.031    5.8   1414  NGC7099   V18               
  148  PAL12       na           326.662  -21.253   19.0    27.91  0.28   -3.249   -3.303  0.067  0.067   0.034    1.5     99  PAL12     V18               
  149  PAL13       na           346.685  +12.772   26.0    25.87  0.27    1.615    0.142  0.101  0.089   0.016    0.8     34  PAL13     V18               
  150  NGC7492     na           347.111  -15.611   26.3  -176.70  0.27    0.799   -2.273  0.065  0.064   0.009    1.5    125  NGC7492   V18               
  151  GD1         na           148.936399866880 36.15980426805254 7.555339165941959 6.944006091929623 0.0 -5.332929760383195 -12.198914465325117 0. 0. 0. 0. 0. GD1 WebbBovy2019
  152  PAL5OLD     na           229.018  -0.124    23.2   -58.7   0.     -2.296   -2.257 0. 0. 0. 0. 0. PAL5OLD BOVY?
  153  SAGITTARIUS SAG          283.89235338593664 -30.465956694956187 26.119915773217958 139.63100155704194 0. -2.6911352471640417 -1.361779127536811 0. 0. 0. 0. 0. SAGITTARIUS Helmi2018
